190
10 1
11 1
12 1
13 1
14 2
15 1
16 1
17 2
18 2
19 1
20 1
21 2
22 2
23 1
24 2
25 2
26 2
27 2
28 2
29 2
30 2
31 2
32 2
33 2
34 2
35 2
36 3
37 2
38 3
39 2
40 68
41 3
42 3
43 3
44 4
45 4
46 2
47 3
48 2
49 3
50 3
51 12
52 2
53 9
54 5
55 84
56 27
57 4
58 4
59 3
60 3
61 3
62 3
63 3
64 6
65 17
66 4
67 5
68 4
69 5
70 5
71 5
72 4
73 5
74 31
75 6
76 6
77 5
78 5
79 5
80 4
81 46
82 6
83 46
84 6
85 36
86 5
87 46
88 6
89 51
90 5
91 6
92 24
93 5
94 77
95 5
96 5
97 7
98 6
99 6
100 6
101 7
102 39
103 6
104 62
105 6
106 6
107 18
108 6
109 7
110 8
111 5
112 6
113 6
114 11
115 7
116 6
117 7
118 6
119 7
120 8
121 9
122 7
123 8
124 7
125 27
126 7
127 7
128 6
129 8
130 7
131 7
132 7
133 8
134 7
135 19
136 8
137 8
138 7
139 7
140 11
141 28
142 8
143 8
144 19
145 16
146 8
147 106
148 8
149 8
150 9
151 12
152 9
153 10
154 16
155 8
156 9
157 8
158 14
159 9
160 13
161 35
162 18
163 10
164 9
165 75
166 10
167 10
168 43
169 59
170 10
171 9
172 9
173 9
174 10
175 19
176 10
177 11
178 12
179 45
180 10
181 11
182 10
183 43
184 20
185 12
186 15
187 10
188 54
189 26
190 12
191 13
192 13
193 12
194 11
195 12
196 12
197 17
198 29
199 10
