72.7207 8.52764 1 8.27895 0 0 0 0 0 0 0 190
63.2039 7.95009 2 -11.1566 4.36945 0 0 0 0 0 174 0
63.8901 7.99313 2 2.525 0 0.0550617 0 0 0 0 180 0
63.5001 7.96869 3 -8.74379 3.5654 0.011135 0 0 0 0 396 0
63.47 7.96681 3 -1.82169 0 0.36619 -0.0561208 0 0 0 327 0
63.8093 7.98807 4 -3.28865 0.731593 0.296671 -0.0452069 0 0 0 663 0
63.5756 7.97343 3 0.161809 0 0.117487 0 -0.000298684 0 0 382 0
63.7593 7.98494 4 -4.06404 0 0.677175 -0.128092 0.000421132 0 0 626 0
63.8739 7.99211 5 27.8777 -22.1634 4.51673 -0.85991 0.00276861 0 0 1387 0
63.6277 7.9767 4 -2.20226 0 0.229853 0 -0.00158687 4.10903e-006 0 759 0
63.8343 7.98964 5 13.2423 -7.25596 0.578653 0 -0.00375407 9.17883e-006 0 1387 0
63.8309 7.98942 5 5.66734 0 -1.24577 0.39323 -0.00657742 1.29792e-005 0 1346 0
64.1778 8.0111 6 6.44046 -0.720351 -1.0686 0.355245 -0.00631051 1.26257e-005 0 2524 0
63.8755 7.99221 5 -0.171974 0 0.0860899 0 0.00123571 -1.63282e-005 4.8925e-008 603 0
64.2197 8.01372 6 -0.104992 0 -0.0117055 0.0368872 4.04081e-005 -1.05382e-005 3.75441e-008 1166 0
64.5707 8.03559 7 -0.0793284 -0.0389211 0.000796689 0.0340174 6.90039e-005 -1.06077e-005 3.76273e-008 697 0
