Наш первый вариант
120
10 0.00234476
10 0.00226643
10 0.00228207
15 0.0031422
15 0.00308425
15 0.00303731
20 0.00388308
20 0.00400562
20 0.00399751
25 0.00450651
25 0.00475081
25 0.00473871
30 0.00552881
30 0.00567292
30 0.00534325
35 0.00631371
35 0.0063063
35 0.00638724
40 0.00754556
40 0.00802812
40 0.00736238
45 0.00769438
45 0.00778822
45 0.00783223
50 0.00856586
50 0.00907642
50 0.00865369
55 0.00998673
55 0.00985588
55 0.00938089
60 0.0100486
60 0.0110409
60 0.01018
65 0.0109727
65 0.0113496
65 0.0112266
70 0.0116485
70 0.0114485
70 0.0118646
75 0.0122138
75 0.0127246
75 0.0125103
80 0.0129121
80 0.0128927
80 0.0133976
85 0.013358
85 0.0132698
85 0.0135309
90 0.0141709
90 0.014461
90 0.0142568
95 0.0149106
95 0.0151463
95 0.0153193
100 0.0156076
100 0.0155516
100 0.0157066
105 0.0163364
105 0.0162797
105 0.0161033
110 0.0166629
110 0.0171027
110 0.0168298
115 0.0172771
115 0.0175979
115 0.0183673
120 0.0186684
120 0.01801
120 0.01749
125 0.0189841
125 0.0191352
125 0.0188436
130 0.0197159
130 0.019217
130 0.019598
135 0.0221542
135 0.0203297
135 0.0204201
140 0.02218
140 0.0217856
140 0.0214328
145 0.0227939
145 0.0218121
145 0.0223422
150 0.0220993
150 0.0231846
150 0.0227729
155 0.0235811
155 0.0232761
155 0.0231226
160 0.0242994
160 0.0233631
160 0.0240978
165 0.0243797
165 0.0243699
165 0.0243138
170 0.0250897
170 0.0260888
170 0.0262531
175 0.0259853
175 0.0260752
175 0.026568
180 0.02676
180 0.0263568
180 0.0268308
185 0.0275666
185 0.0277375
185 0.0273768
190 0.0267974
190 0.0272149
190 0.0267371
195 0.0282182
195 0.0279488
195 0.0283015
200 0.0286041
200 0.0288463
200 0.0283026
Вариант, когда частота после команд процессору
120
10 0.00233
10 0.00203953
10 0.00211229
15 0.00270866
15 0.00263531
15 0.00277941
20 0.0036229
20 0.00356773
20 0.00356735
25 0.00429211
25 0.00438865
25 0.0043567
30 0.00504023
30 0.00483166
30 0.0049109
35 0.00572407
35 0.00544853
35 0.00579036
40 0.00669787
40 0.00640646
40 0.00655854
45 0.00711596
45 0.00732767
45 0.00707643
50 0.00768155
50 0.00759265
50 0.00764653
55 0.00794347
55 0.00837009
55 0.00806835
60 0.00863416
60 0.00884624
60 0.00908584
65 0.00950625
65 0.00969051
65 0.00953272
70 0.0105001
70 0.0102231
70 0.0104812
75 0.0112166
75 0.010929
75 0.0107806
80 0.0115013
80 0.0117562
80 0.0113155
85 0.0122838
85 0.0120353
85 0.0121565
90 0.0127387
90 0.0127492
90 0.012433
95 0.0136547
95 0.013399
95 0.0134237
100 0.0140331
100 0.0139191
100 0.0138785
105 0.014297
105 0.0143776
105 0.0144136
110 0.0151173
110 0.0154884
110 0.0152885
115 0.0164546
115 0.015406
115 0.0158825
120 0.0165744
120 0.0163574
120 0.0162576
125 0.0174623
125 0.0167463
125 0.0171103
130 0.0173337
130 0.0169102
130 0.0175294
135 0.0182706
135 0.0177989
135 0.0180303
140 0.0183984
140 0.0191811
140 0.01834
145 0.0195609
145 0.0195411
145 0.0191173
150 0.0195765
150 0.0193096
150 0.0194048
155 0.0197664
155 0.0199904
155 0.0209538
160 0.021064
160 0.0211174
160 0.0209501
165 0.0217342
165 0.0218273
165 0.0213291
170 0.0219654
170 0.0222593
170 0.0227053
175 0.0230515
175 0.023497
175 0.023335
180 0.0244503
180 0.0240233
180 0.023879
185 0.0245562
185 0.0241791
185 0.0240589
190 0.0242911
190 0.0249494
190 0.0245836
195 0.0254571
195 0.0248943
195 0.0253022
200 0.0259796
200 0.0260537
200 0.0262097
Вариант без приорететной команды процессору
120
10 0.00106823
10 0.000905394
10 0.000941715
15 0.00127043
15 0.00147582
15 0.00126023
20 0.00159418
20 0.00155846
20 0.00178972
25 0.00244026
25 0.00196833
25 0.00249679
30 0.00248169
30 0.00493532
30 0.00238054
35 0.00277782
35 0.00310184
35 0.0271376
40 0.00295599
40 0.00292932
40 0.00329641
45 0.00326398
45 0.00361947
45 0.00353237
50 0.0196933
50 0.00365309
50 0.00351502
55 0.00393498
55 0.00739721
55 0.0398706
60 0.00424468
60 0.00417646
60 0.0181464
65 0.00591211
65 0.0164785
65 0.0049234
70 0.0224411
70 0.00640317
70 0.0324731
75 0.00727404
75 0.0152625
75 0.00898789
80 0.00896586
80 0.00540021
80 0.0214047
85 0.0094023
85 0.00758677
85 0.0085356
90 0.00826004
90 0.00697453
90 0.0108355
95 0.0102655
95 0.00705885
95 0.00930348
100 0.00808954
100 0.0100533
100 0.0107599
105 0.0109497
105 0.00798034
105 0.00887944
110 0.0117979
110 0.00872963
110 0.00873148
115 0.00856773
115 0.0229549
115 0.00965858
120 0.0133199
120 0.0157804
120 0.0159719
125 0.0149083
125 0.0108986
125 0.0202571
130 0.0162316
130 0.0209046
130 0.0214695
135 0.00959982
135 0.0104074
135 0.0117554
140 0.0271215
140 0.0166249
140 0.0160168
145 0.0138976
145 0.0160493
145 0.00936746
150 0.0131082
150 0.0185517
150 0.0240265
155 0.0136166
155 0.0205381
155 0.01926
160 0.0113676
160 0.0172432
160 0.0152822
165 0.0200594
165 0.012035
165 0.0144516
170 0.021767
170 0.0170143
170 0.027262
175 0.0180537
175 0.0135039
175 0.0127584
180 0.0126811
180 0.016012
180 0.0200789
185 0.0298172
185 0.0400052
185 0.0133918
190 0.0255212
190 0.0263718
190 0.0237229
195 0.0394885
195 0.0355114
195 0.014855
200 0.0213294
200 0.0294259
200 0.0228837
Вариант без команд процессору и проверки на с < 0
120
10 0.00106028
10 0.000931513
10 0.00092533
15 0.00124636
15 0.0013576
15 0.00129463
20 0.0016587
20 0.0017556
20 0.00163635
25 0.00261387
25 0.00261286
25 0.00223153
30 0.00227858
30 0.0224166
30 0.00230972
35 0.0026387
35 0.00263393
35 0.0149357
40 0.00306797
40 0.00315466
40 0.00290616
45 0.00316722
45 0.00313939
45 0.00324952
50 0.0251413
50 0.00364407
50 0.00338788
55 0.00384155
55 0.00405982
55 0.0126681
60 0.00394188
60 0.00379639
60 0.0198334
65 0.00439564
65 0.0220214
65 0.00443217
70 0.00518922
70 0.0121816
70 0.00502362
75 0.00626229
75 0.00557616
75 0.00548397
80 0.00534814
80 0.00552788
80 0.00812724
85 0.00562362
85 0.0755289
85 0.00687851
90 0.0117802
90 0.00770752
90 0.018977
95 0.0255495
95 0.00681196
95 0.0131931
100 0.00916978
100 0.0192333
100 0.0118507
105 0.00928661
105 0.0127225
105 0.00878514
110 0.008772
110 0.00843394
110 0.0090086
115 0.0263093
115 0.00719669
115 0.00907962
120 0.00878662
120 0.0100433
120 0.00794886
125 0.00972746
125 0.00999961
125 0.0100202
130 0.00928833
130 0.00946209
130 0.0100886
135 0.0116536
135 0.0107562
135 0.0173207
140 0.0154857
140 0.0199862
140 0.0157529
145 0.0177301
145 0.0154408
145 0.0120086
150 0.014842
150 0.0143344
150 0.0118812
155 0.0190041
155 0.016493
155 0.0207924
160 0.0155702
160 0.0140862
160 0.0214687
165 0.015322
165 0.0135823
165 0.0141859
170 0.0119501
170 0.0113972
170 0.0132497
175 0.0159003
175 0.022376
175 0.0211388
180 0.0257413
180 0.0116443
180 0.0161113
185 0.018159
185 0.0249726
185 0.0142134
190 0.0123275
190 0.0192462
190 0.0336702
195 0.0128167
195 0.0224363
195 0.0149019
200 0.0159149
200 0.0346325
200 0.0170004
Вариант с chrono как у Коляна
120
10 0.00231393
10 0.00226761
10 0.00238813
15 0.00302427
15 0.00343214
15 0.00343403
20 0.00422377
20 0.00430742
20 0.00426158
25 0.00470725
25 0.00516947
25 0.00521768
30 0.0082117
30 0.00585382
30 0.00603436
35 0.00605327
35 0.00690539
35 0.0145088
40 0.00783503
40 0.0092921
40 0.00727309
45 0.00977464
45 0.0104656
45 0.0105304
50 0.012893
50 0.012374
50 0.0518356
55 0.0189268
55 0.0123485
55 0.0474615
60 0.0119633
60 0.0114486
60 0.0116571
65 0.0367714
65 0.0414565
65 0.0207393
70 0.0491974
70 0.0133311
70 0.0902451
75 0.0138254
75 0.0433469
75 0.0135409
80 0.0785147
80 0.0148146
80 0.0414895
85 0.0144379
85 0.0246053
85 0.0153671
90 0.0310958
90 0.0151251
90 0.0166271
95 0.028115
95 0.0158208
95 0.036355
100 0.0446589
100 0.0174977
100 0.107107
105 0.0325023
105 0.0253639
105 0.0548201
110 0.0396567
110 0.0189557
110 0.0357425
115 0.042863
115 0.0231724
115 0.0230235
120 0.0441088
120 0.0425832
120 0.0350979
125 0.0256938
125 0.0337637
125 0.0369004
130 0.0309606
130 0.0256796
130 0.0225372
135 0.0318623
135 0.0288055
135 0.0263067
140 0.0261536
140 0.0236658
140 0.0255128
145 0.0330113
145 0.0352756
145 0.0429424
150 0.0747711
150 0.0290111
150 0.0711424
155 0.0720772
155 0.0458764
155 0.0785937
160 0.0502859
160 0.0304743
160 0.0431196
165 0.0709817
165 0.0613361
165 0.0564615
170 0.0500278
170 0.11385
170 0.0644284
175 0.0739597
175 0.0438909
175 0.0413085
180 0.0805824
180 0.0459179
180 0.0626382
185 0.0546018
185 0.0559738
185 0.0752428
190 0.0567375
190 0.0328936
190 0.0350511
195 0.0314554
195 0.0356315
195 0.0595071
200 0.0416757
200 0.0328081
200 0.0322863
Вариант с функциями Visual C++
120
10 0.00249399
10 0.00235363
10 0.00270998
15 0.00313817
15 0.00325774
15 0.00324545
20 0.00451868
20 0.00394871
20 0.00411554
25 0.00540484
25 0.00460706
25 0.00485377
30 0.00593228
30 0.253434
30 0.00714926
35 0.00788182
35 0.00704718
35 0.0696088
40 0.00776602
40 0.00730381
40 0.00814743
45 0.111221
45 0.00824384
45 0.00809686
50 0.0870237
50 0.0106688
50 0.0113026
55 0.0924177
55 0.00975763
55 0.00965365
60 0.0109708
60 0.0119718
60 0.244797
65 0.0114633
65 0.115776
65 0.0119444
70 0.0125971
70 0.0125361
70 0.0184429
75 0.112297
75 0.0185403
75 0.0886972
80 0.0131042
80 0.110169
80 0.0150396
85 0.0347089
85 0.0315514
85 0.016129
90 0.0223198
90 0.0159196
90 0.0260005
95 0.0211912
95 0.0179703
95 0.0190549
100 0.018769
100 0.0185946
100 0.0180052
105 0.0201755
105 0.0242211
105 0.0540635
110 0.028676
110 0.0198201
110 0.0227092
115 0.0225948
115 0.0224318
115 0.0226147
120 0.0326072
120 0.0273002
120 0.0389932
125 0.0317362
125 0.0281868
125 0.0348271
130 0.0287965
130 0.0342618
130 0.0319077
135 0.0489323
135 0.0407409
135 0.0419073
140 0.0301302
140 0.0334139
140 0.037504
145 0.0346484
145 0.038902
145 0.0330992
150 0.0425676
150 0.0620228
150 0.0371868
155 0.0603181
155 0.0300267
155 0.032472
160 0.0444339
160 0.0321204
160 0.0576502
165 0.0382219
165 0.0716812
165 0.0341219
170 0.0325406
170 0.0295995
170 0.0452983
175 0.108541
175 0.0338369
175 0.0324744
180 0.0341645
180 0.0505898
180 0.0368414
185 0.0566761
185 0.0454907
185 0.0822716
190 0.076319
190 0.035872
190 0.0546566
195 0.0728916
195 0.0582457
195 0.0635144
200 0.0586318
200 0.0916719
200 0.0384865