123
5 0.00102176
4 0.000912883
5 0.000943816
9 0.00138984
10 0.00146261
9 0.00143095
14 0.00187937
14 0.00193433
15 0.0021274
20 0.00246394
20 0.00246473
19 0.00240722
24 0.00286015
24 0.00285417
25 0.00309218
29 0.00336396
28 0.00324027
29 0.00336068
35 0.00420636
33 0.00381329
34 0.00371785
39 0.00437907
38 0.00427613
39 0.00444295
44 0.00487983
44 0.00496827
43 0.00465725
47 0.00507913
48 0.00548316
49 0.00537602
54 0.00568903
54 0.00566963
53 0.00560498
59 0.00625963
57 0.0060304
58 0.00616306
64 0.00686208
63 0.00663947
64 0.00667073
68 0.0070273
69 0.00721429
69 0.00703696
72 0.00750226
71 0.00720395
73 0.00757935
78 0.00819839
78 0.00832099
78 0.00814256
79 0.00836137
81 0.00809256
83 0.00858045
90 0.00928515
84 0.00848649
90 0.00948178
94 0.00975384
89 0.00887903
90 0.00916652
95 0.00968564
95 0.0096882
96 0.00998923
98 0.0098618
100 0.00987984
99 0.00989611
105 0.0106063
105 0.0105027
104 0.010289
110 0.0109455
112 0.0113534
107 0.0105133
117 0.011692
113 0.0113095
110 0.0110436
116 0.0118188
120 0.0122096
115 0.0113464
122 0.0119897
123 0.0119717
122 0.0122777
127 0.012475
127 0.0126135
125 0.0126245
131 0.0131807
127 0.0123824
137 0.0137829
136 0.0133905
137 0.0136182
130 0.0122335
140 0.0135621
138 0.0135237
137 0.0134197
142 0.0137628
142 0.0139563
145 0.0143232
150 0.0145783
150 0.0143657
152 0.0156893
153 0.0146543
153 0.0149662
147 0.0140237
157 0.0152664
153 0.0145532
155 0.0147971
163 0.0158235
158 0.0150941
163 0.0156834
169 0.0163341
167 0.0162249
166 0.0160076
167 0.0159883
170 0.0165738
171 0.0166615
177 0.0169136
174 0.0169549
172 0.0164509
177 0.0166443
182 0.0175952
176 0.0164991
179 0.0176064
183 0.0173134
180 0.0165865
188 0.0181017
185 0.0175795
187 0.017654
