2.47279e-005 0.00497271 1 0.00983167 0 0 0 0 0 0 0 123
3.82603e-006 0.00195602 2 -0.013317 0.00534053 0 0 0 0 0 101 0
4.8448e-008 0.000220109 2 0.000777542 0 9.21379e-005 0 0 0 0 128 0
4.02038e-008 0.000200509 3 5.18778e-006 0.000265782 8.82777e-005 0 0 0 0 229 0
3.78111e-008 0.000194451 3 0.000368577 0 0.000125479 -6.12929e-006 0 0 0 266 0
3.78059e-008 0.000194437 4 0.000615131 -0.000152712 0.000143768 -9.0836e-006 0 0 0 459 0
3.73255e-008 0.000193198 3 0.000517971 0 9.99857e-005 0 -4.07767e-008 0 0 318 0
3.76329e-008 0.000193992 4 0.000499275 0 0.000102627 -6.14518e-007 -3.71199e-008 0 0 492 0
3.79288e-008 0.000194753 5 0.000409077 9.172e-005 8.17225e-005 3.54593e-006 -5.29864e-008 0 0 935 0
0.00022996 0.0151644 4 -0.0667117 0 0.00270408 0 -2.72358e-005 8.32664e-008 0 299 0
3.7923e-008 0.000194738 5 0.000423533 5.36403e-005 9.66312e-005 0 -1.64669e-008 -6.35488e-011 0 1080 0
4.75105e-005 0.00689279 5 -0.07744 0 0.0160606 -0.00435154 5.94403e-005 -1.12652e-007 0 462 0
2.49463e-005 0.00499462 6 0.0467994 -0.142207 0.0550809 -0.0128596 0.000122726 -1.99636e-007 0 882 0
0.000145082 0.012045 5 -0.0698557 0 0.00443282 0 -7.88852e-005 5.50318e-007 -1.30144e-009 516 0
2.39933e-005 0.00489829 6 -0.0826954 0 0.023173 -0.00724669 0.000171208 -7.35808e-007 1.3784e-009 1065 0
3.84076e-006 0.00195979 7 0.0306741 -0.133379 0.060296 -0.0153472 0.000230441 -8.06749e-007 1.34329e-009 1834 0
